image: testzone_map.pgm
resolution: 0.010000
origin: [-3.0000, -3.120000, 0.000000]
negate: 0
occupied_thresh: 0.65
free_thresh: 0.196

